2 (총 코스 개수)
전반9홀;9
1;3;36.310146;127.581024;36.310146;127.581024;0.000073;0.000053;1.518213;36.309677;127.580198;0.000073;0.000053;1.518213;36.309677;127.580198
PAR3    90.6m
2;3;36.309448;127.580093;36.309448;127.580093;0.000073;0.000086;1.083897;36.309936;127.581163;0.000073;0.000086;1.083897;36.309936;127.581163
PAR3   110.3m
3;4;36.309929;127.581505;36.309929;127.581505;0.000046;0.000092;0.255182;36.308973;127.579397;0.000065;0.000092;-0.058756;36.308808;127.579260
PAR4   217.0m
4;3;36.309021;127.579056;36.309021;127.579056;0.000073;0.000076;0.885067;36.309356;127.579971;0.000073;0.000076;0.885067;36.309356;127.579971
PAR3    90.2m
5;3;36.309589;127.580063;36.309589;127.580063;0.000058;0.000065;0.132552;36.309993;127.579424;0.000058;0.000065;0.132552;36.309993;127.579424
PAR3    72.8m
6;3;36.309540;127.579834;36.309540;127.579834;0.000091;0.000050;0.994421;36.309125;127.579004;0.000091;0.000050;0.994421;36.309125;127.579004
PAR3    87.6m
7;3;36.309525;127.578949;36.309525;127.578949;0.000060;0.000061;0.128323;36.310298;127.579266;0.000060;0.000061;0.128323;36.310298;127.579266
PAR3    90.4m
8;3;36.310169;127.579353;36.310169;127.579353;0.000053;0.000069;0.528074;36.309881;127.579891;0.000053;0.000069;0.528074;36.309881;127.579891
PAR3    57.9m
9;3;36.310246;127.579399;36.310246;127.579399;0.000073;0.000050;1.570796;36.309942;127.580221;0.000073;0.000050;1.570796;36.309942;127.580221
PAR3    81.1m
후반9홀;9
1;3;36.310352;127.581230;36.310352;127.581230;0.000072;0.000116;0.558599;36.309804;127.581787;0.000072;0.000116;0.558599;36.309804;127.581787
PAR3    78.8m
2;3;36.309769;127.581604;36.309769;127.581604;0.000096;0.000084;1.530818;36.309398;127.581015;0.000096;0.000084;1.530818;36.309398;127.581015
PAR3    67.1m
3;3;36.309181;127.580811;36.309181;127.580811;0.000084;0.000083;1.055247;36.308783;127.580368;0.000084;0.000083;1.055247;36.308783;127.580368
PAR3    59.5m
4;3;36.308559;127.579506;36.308559;127.579506;0.000107;0.000070;1.552941;36.307628;127.580324;0.000099;0.000082;-1.551568;36.307580;127.579973
PAR3   126.8m
5;3;36.307323;127.579765;36.307323;127.579765;0.000076;0.000067;0.866302;36.308347;127.579287;0.000076;0.000067;0.866302;36.308347;127.579287
PAR3   121.4m
6;3;36.308479;127.579124;36.308479;127.579124;0.000076;0.000082;-1.545802;36.307288;127.579479;0.000076;0.000082;-1.545802;36.307288;127.579479
PAR3   136.0m
7;4;36.307106;127.579185;36.307106;127.579185;0.000074;0.000098;1.465919;36.308310;127.579029;0.000074;0.000098;1.465919;36.308310;127.579029
PAR4   134.3m
8;3;36.308716;127.579399;36.308716;127.579399;0.000157;0.000041;1.172274;36.309095;127.580469;0.000157;0.000041;1.172274;36.309095;127.580469
PAR3   104.9m
9;3;36.309631;127.581573;36.309631;127.581573;0.000075;0.000101;0.051237;36.309587;127.582003;0.000075;0.000101;0.051237;36.309587;127.582003
PAR3    38.8m



