1 (Number of courses)
대덕cc;9
1;4;36.404477;127.392053;36.404477;127.392053;0.000133;0.000121;0.412410;36.401542;127.391308;0.000101;0.000108;0.605205;36.401714;127.391057
PAR4   332.4m
2;5;36.401917;127.390509;36.401757;127.390562;0.000102;0.000143;0.972377;36.405199;127.387486;0.000098;0.000145;1.212026;36.405418;127.387648
PAR5   454.1m
3;4;36.404797;127.388779;36.404728;127.388863;0.000110;0.000164;1.342694;36.407351;127.389162;0.000130;0.000143;1.526707;36.407433;127.389425
PAR4   285.5m
4;4;36.407803;127.389053;36.407799;127.389023;0.000121;0.000090;1.364113;36.407894;127.391541;0.000126;0.000127;0.855705;36.407586;127.391605
PAR4   223.4m
5;3;36.407574;127.389801;36.407604;127.389679;0.000114;0.000082;1.137215;36.406996;127.390659;0.000084;0.000085;1.046001;36.406968;127.390440
PAR3   100.2m
6;4;36.407005;127.391235;36.407059;127.391335;0.000143;0.000140;0.499347;36.404351;127.389774;0.000101;0.000142;0.000000;36.404513;127.389463
PAR4   322.3m
7;3;36.404247;127.390213;36.404259;127.390182;0.000125;0.000070;1.093451;36.403225;127.390446;0.000083;0.000085;0.183943;36.403360;127.390289
PAR3   115.3m
8;5;36.403351;127.390808;36.403339;127.390808;0.000113;0.000095;0.927295;36.407537;127.392401;0.000156;0.000127;-1.546411;36.407443;127.392719
PAR5   486.0m
9;4;36.407471;127.393242;36.407562;127.393234;0.000131;0.000133;0.770015;36.404695;127.392982;0.000153;0.000130;0.553294;36.404793;127.392693
PAR4   308.9m



